#!/usr/bin/octave -q

L = [5,   0,    0;
   -2,   23  ,    0;
    4,   -35 ,    210.7826086957];


U = [1,   17.5,    -22.5;
   0,   1  ,    0.5652173913;
    0,   0 ,    1];

A = L * U

